E1
030607204
602041080
054830967
041083006
287090351
900710028
718029040
300160809
406500130
E2
085060210
794012003
206308704
503409120
041206030
900153907
608005071
109840362
027601890
E3
061030820
350608107
028107034
209006378
003279500
570301902
190760403
802405060
640013250
E4
100830702
570201908
030509064
704008591
603910400
051407306
360704010
005683079
807052003
E5
083201600
070485021
500396408
290650130
008907560
057034900
800563709
319042050
705810043
E6
012680095
600574010
845200370
400807523
020406109
381900640
054702801
070348002
230059760
M1
810050640
903602070
670090203
054007806
000045700
280160030
001070368
008526010
090308400
M2
050801090
730006054
804037001
008302140
403060908
906704500
100250409
380009012
040608730
M3
653400700
002309508
804051603
908017300
005030870
067290405
409070206
501806000
086900157
M4
0472051008
605030201
000706435
806070024
900804006
450010900
010502009
208040503
500090710
M5
009301620
570028030
300700504
890070400
060503090
001090076
605007008
040130065
027605900
M6
007208900
230507006
080104070
040016030
601005809
090780060
050809010
010603002
706400308
H1
070103060
050000070
300650001
500304008
407000102
900702004
200070003
030000940
060509020
H2
000013400
080006950
650900000
960251000
100070502
000304016
030040079
025800040
009760080
H3
001090270
009002050
200703000
300014002
080030040
100280005
020900007
010320900
046070500
H4
000409000
080020700
020507106
300800060
760000031
010006002
205908040
009070010
000605000
H5
000000945
006800000
520103807
090310000
003080100
000046020
705208019
000070300
861000000
H6
200700050
000048006
700002309
900600240
070020080
025001003
804900030
600485000
090003008